Bag 1: 1 0 2 1 2 0 2 0 1 1 1 1 0 1 2 2 0 1 1 2 0 2 1 
Bag 2: 1 0 2 1 2 0 2 0 1 1 1 1 0 1 2 1 1 1 1 2 0 2 1 
Bag 3: 1 0 2 1 2 0 2 0 1 1 1 1 0 1 2 1 1 1 1 2 0 2 1 
Bag 4: 1 0 2 1 2 0 2 0 1 1 1 1 0 1 2 1 1 1 1 2 0 2 1 
Bag 5: 1 0 2 1 2 0 2 0 1 1 1 1 0 1 2 1 1 1 1 2 0 2 1 
Bag 6: 1 0 2 1 2 0 2 0 1 1 1 1 0 1 2 1 1 1 1 2 0 2 1 
Bag 7: 1 0 2 1 1 1 2 0 1 1 1 1 0 1 2 1 1 1 1 2 0 2 1 
Bag 8: 1 0 2 1 1 1 2 0 1 1 1 1 0 1 2 1 1 1 1 2 0 2 1 
Bag 9: 1 0 2 1 1 1 2 0 1 1 1 1 0 1 2 1 1 1 1 2 0 2 1 
Bag 10: 1 0 2 1 1 1 2 0 1 1 1 1 0 1 2 1 1 1 1 2 0 2 1 
Bag 11: 1 0 2 1 1 1 2 0 1 1 1 1 0 1 2 1 1 1 1 2 0 1 2 
Bag 12: 1 0 2 1 1 1 2 0 1 1 1 1 0 1 2 1 1 1 1 2 0 1 2 
Bag 13: 1 0 2 1 1 1 2 0 1 1 1 1 0 1 2 1 1 1 1 2 0 1 2 
Bag 14: 1 0 2 1 1 1 2 0 1 1 1 1 0 1 2 1 1 1 1 2 0 1 2 
Bag 15: 1 0 2 1 1 1 2 0 1 1 1 1 0 1 2 1 1 1 1 2 0 1 2 
Bag 16: 1 0 2 1 1 1 2 0 1 1 1 1 0 1 2 1 1 1 1 2 0 1 2 
Bag 17: 1 0 2 1 1 1 2 0 1 1 1 1 0 1 2 1 1 1 1 2 0 1 2 
Bag 18: 1 0 2 1 1 1 2 0 1 1 1 1 0 1 2 1 1 1 1 2 0 1 2 
Bag 19: 1 0 2 1 1 1 2 0 1 1 1 1 0 1 2 1 1 1 1 2 0 1 2 
Bag 20: 1 0 2 1 1 1 2 0 1 1 1 1 0 1 2 1 1 1 1 2 0 1 2 
Bag 21: 1 0 2 1 1 1 2 0 1 1 1 1 0 1 2 1 1 1 1 2 0 1 2 
Bag 22: 1 0 2 1 1 1 2 0 1 0 2 1 0 1 1 2 1 1 1 2 0 1 2 
Bag 23: 1 0 2 1 1 1 2 0 1 0 2 1 0 1 1 2 1 1 1 2 0 1 2 
Bag 24: 1 0 2 1 1 1 2 0 1 0 2 1 0 1 1 2 1 1 1 2 0 1 2 
Bag 25: 1 0 2 1 1 1 1 1 1 0 2 1 0 1 1 2 1 1 1 2 0 1 2 
Bag 26: 1 0 2 1 1 1 1 1 1 0 2 1 0 1 1 2 1 1 1 2 0 1 2 
Bag 27: 1 0 2 1 1 1 1 1 1 0 2 1 0 1 1 2 1 1 1 2 0 1 2 
Bag 28: 1 0 2 1 1 1 1 1 1 0 2 1 0 1 1 2 1 1 1 2 0 1 2 
Bag 29: 1 0 2 1 1 1 1 1 1 0 2 1 0 1 1 2 1 1 1 2 0 1 2 
Bag 30: 1 0 2 1 1 1 1 1 1 0 2 1 0 1 1 2 1 1 1 2 0 1 2 
Bag 31: 1 0 2 1 1 1 1 1 1 0 2 1 0 1 1 2 1 1 1 2 0 1 2 
Bag 32: 1 0 2 1 1 1 1 1 1 0 2 1 0 1 1 2 1 1 1 2 0 1 2 
Bag 33: 1 0 2 1 1 1 1 1 1 0 2 1 0 1 1 2 1 1 1 2 0 1 2 
Bag 34: 1 0 2 1 1 1 1 1 1 0 2 1 0 0 2 2 1 1 1 2 0 1 2 
Bag 35: 1 0 2 1 1 1 1 1 1 0 2 1 0 0 2 2 1 1 1 2 0 1 1 
Bag 36: 1 0 2 1 1 1 1 1 1 0 2 1 0 0 2 2 1 1 1 2 0 1 1 
Bag 37: 1 0 2 1 1 1 1 1 1 0 2 1 0 0 2 2 1 1 1 2 0 1 1 
Bag 38: 1 0 2 1 1 1 1 1 1 0 2 0 1 0 2 2 1 1 1 2 0 1 1 
Bag 39: 1 0 2 1 1 1 1 1 1 0 2 0 1 0 2 2 1 1 1 2 0 1 1 
Bag 40: 1 0 2 1 1 1 1 1 1 0 2 0 1 0 2 2 1 1 1 2 0 1 1 
Bag 41: 1 0 2 1 1 1 1 1 1 0 2 0 1 0 2 2 1 1 1 2 0 1 1 
Bag 42: 1 0 2 1 1 1 1 1 1 0 2 0 1 0 2 2 1 1 1 2 0 1 1 
Bag 43: 1 0 2 1 1 1 1 1 1 0 2 0 1 0 2 2 1 1 1 1 1 1 1 
Bag 44: 1 0 2 1 1 1 1 1 1 0 2 0 1 0 2 2 1 1 1 1 1 1 1 
Bag 45: 1 0 2 1 1 1 1 1 1 0 2 0 1 0 2 2 1 1 1 1 1 1 1 
Bag 46: 1 0 2 1 1 1 1 1 1 0 2 0 1 0 2 2 1 1 1 1 1 1 1 
Bag 47: 1 0 2 1 1 1 1 1 1 0 2 0 1 0 2 2 1 1 1 1 1 1 1 
Bag 48: 1 0 2 1 1 1 1 1 1 0 2 0 1 0 2 2 1 1 1 1 1 1 1 
Bag 49: 1 0 2 1 1 1 1 1 1 0 2 0 1 0 2 2 1 1 1 1 1 1 1 
Bag 50: 1 0 2 1 1 1 1 1 1 0 2 0 1 0 2 2 1 1 1 1 1 1 1 
Bag 51: 0 1 2 1 1 1 1 1 1 0 2 0 1 0 2 2 1 1 1 1 1 1 1 
Bag 52: 0 1 2 1 1 1 1 1 1 0 1 1 1 0 2 2 1 1 1 1 1 1 1 
Bag 53: 0 1 2 1 1 1 1 1 1 0 1 1 1 0 2 2 1 1 1 1 1 1 1 
Bag 54: 0 1 2 1 1 1 1 1 1 0 1 1 1 0 2 2 1 1 1 1 1 1 1 
Bag 55: 0 1 2 1 1 1 1 1 1 0 1 1 1 0 2 2 1 1 1 1 1 1 1 
Bag 56: 0 1 2 1 1 1 1 1 1 0 1 1 1 0 2 2 1 1 1 1 1 1 1 
Bag 57: 0 1 2 1 1 1 1 1 1 0 1 1 1 0 2 2 1 1 1 1 1 1 1 
Bag 58: 0 1 2 1 1 1 1 1 1 0 1 1 1 0 2 2 1 1 1 1 1 1 1 
Bag 59: 0 1 2 1 1 1 1 1 1 0 1 1 1 0 2 2 1 1 1 1 1 1 1 
Bag 60: 0 1 2 1 1 1 1 1 1 0 1 1 1 0 2 2 1 1 1 1 1 1 1 
Bag 61: 0 1 1 2 1 1 1 1 1 0 1 1 1 0 2 2 1 1 1 1 1 1 1 
Bag 62: 0 1 1 2 1 1 1 1 1 0 1 1 0 1 2 2 1 1 1 1 1 1 1 
Bag 63: 0 1 1 2 1 1 1 1 0 1 1 1 0 1 2 2 1 1 1 1 1 1 1 
Bag 64: 0 1 1 2 1 1 1 1 0 1 1 1 0 1 2 2 1 1 1 1 1 1 1 
Bag 65: 0 1 1 2 1 1 1 1 0 1 1 1 0 1 2 2 1 1 1 1 1 1 1 
Bag 66: 0 1 1 2 1 1 1 1 0 1 1 1 0 1 2 2 1 1 1 1 1 1 1 
Bag 67: 0 1 1 2 1 1 1 1 0 1 1 1 0 1 2 2 1 1 1 1 1 1 1 
Bag 68: 0 1 1 2 1 1 1 1 0 1 1 1 0 1 2 2 1 1 1 1 1 1 1 
Bag 69: 0 1 1 2 1 1 1 1 0 1 1 1 0 1 2 2 1 1 1 1 1 1 1 
Bag 70: 0 1 1 2 1 1 1 1 0 1 1 1 0 1 2 2 1 1 1 1 1 1 1 
Bag 71: 0 1 1 2 1 1 1 1 0 1 1 1 0 1 2 2 1 1 1 1 1 1 1 
Bag 72: 0 1 1 2 1 1 1 1 0 1 1 1 0 1 2 2 1 1 1 1 0 2 1 
Bag 73: 0 1 1 2 1 1 1 1 0 1 1 1 0 1 2 2 1 1 1 1 0 2 1 
Bag 74: 0 1 1 2 1 1 1 1 0 1 1 1 0 1 2 2 1 1 1 1 0 2 1 
Bag 75: 0 1 1 2 1 1 1 1 0 1 1 1 0 1 2 2 1 1 1 1 0 2 1 
Bag 76: 0 1 1 2 1 1 1 1 0 1 1 1 0 1 2 2 1 1 1 1 0 2 1 
Bag 77: 0 1 1 2 1 1 1 1 0 1 1 1 0 1 2 2 1 1 1 1 0 2 1 
Bag 78: 0 1 1 2 1 1 1 1 0 1 1 1 0 1 2 2 0 2 1 1 0 2 1 
Bag 79: 0 1 1 2 1 1 1 1 0 1 1 1 0 1 2 2 0 2 1 1 0 2 1 
Bag 80: 0 1 1 2 1 1 1 1 0 1 1 1 0 1 2 2 0 2 1 1 0 2 1 
Bag 81: 0 1 1 2 1 1 1 1 0 1 1 1 0 1 2 2 0 2 1 1 0 2 1 
Bag 82: 0 1 1 2 1 1 1 1 0 1 1 1 0 1 2 2 0 2 0 2 0 2 1 
Bag 83: 0 1 1 2 1 1 1 1 0 1 1 1 0 1 2 2 0 2 0 2 0 2 1 
Bag 84: 0 1 1 2 1 1 1 1 0 1 1 1 0 1 2 2 0 2 0 2 0 2 1 
Bag 85: 0 1 1 2 1 1 1 1 0 1 1 1 0 1 2 2 0 2 0 2 0 2 1 
Bag 86: 0 1 1 2 1 1 1 1 0 1 1 1 0 1 2 2 0 2 0 2 0 2 1 
Bag 87: 0 1 1 2 1 1 1 1 0 1 1 1 0 1 2 2 0 1 1 2 0 2 1 
Bag 88: 0 1 1 1 2 1 1 1 0 1 1 1 0 1 2 2 0 1 1 2 0 2 1 
Bag 89: 0 1 1 1 2 1 1 1 0 1 1 1 0 1 2 2 0 1 1 2 0 2 1 
Bag 90: 0 1 1 1 2 0 2 0 1 1 1 1 0 1 2 2 0 1 1 2 0 2 1 
Bag 91: 0 1 1 1 2 0 2 0 1 1 1 1 0 1 2 2 0 1 1 2 0 2 1 
Bag 92: 0 0 2 1 2 0 2 0 1 1 1 1 0 1 2 2 0 1 1 2 0 2 1 
Bag 93: 0 0 2 1 2 0 2 0 1 1 1 1 0 1 2 2 0 1 1 2 0 2 1 
Bag 94: 0 0 2 1 2 0 2 0 1 1 1 1 0 1 2 2 0 1 1 2 0 2 1 
Bag 95: 0 0 2 1 2 0 2 0 1 1 1 1 0 1 2 2 0 1 1 2 0 2 1 
Bag 96: 0 0 2 1 2 0 2 0 1 1 1 1 0 1 2 2 0 1 1 2 0 2 1 
Bag 97: 0 0 2 1 2 0 2 0 1 1 1 1 0 1 2 2 0 1 1 2 0 2 1 
